13	7.58634932510366	0	000995.sz.csv
17	5.67494346584146	0	600818.ss.csv
18	10.0961672749154	0	002146.sz.csv
18	11.746029295736	0	002340.sz.csv
18	7.29164170425823	0	002310.sz.csv
18	8.00022362386934	0	002140.sz.csv
18	8.60733477644423	0	600251.ss.csv
19	10.9014148292577	0	600585.ss.csv
19	13.1566544409461	0	600882.ss.csv
20	6.05094608765698	0	600495.ss.csv
20	9.12704384946442	0	002341.sz.csv
21	11.0351294742111	0	000750.sz.csv
21	6.04595270752661	0	002051.sz.csv
22	10.3986702012192	0	600048.ss.csv
22	11.3540246866511	0	000540.sz.csv
23	10.6503675782388	0	000656.sz.csv
23	12.0912621305781	0	000752.sz.csv
23	13.9128966032691	0	600765.ss.csv
23	7.44566285104998	0	002081.sz.csv
24	6.2400260694113	0	000762.sz.csv
13	5.24514337143223	0.0279720279720274	000858.sz.csv
21	7.31239897024486	0.0307692307692315	600470.ss.csv
29	5.28823839516414	0.0322580645161284	002263.sz.csv
20	9.07777803653978	0.033898305084745	000926.sz.csv
21	9.54591204082456	0.0344827586206902	000712.sz.csv
14	6.15985579139545	0.0370370370370363	002172.sz.csv
14	7.7714407481145	0.0431034482758627	600733.ss.csv
20	9.58928571428574	0.0434782608695643	601398.ss.csv
19	10.0524729396634	0.0476190476190466	601857.ss.csv
15	12.699292887132	0.0476190476190486	600237.ss.csv
15	9.58217233117401	0.049999999999999	000598.sz.csv
21	11.9331438371528	0.0547945205479452	600546.ss.csv
15	5.84122339464097	0.0574712643678149	002108.sz.csv
13	6.57874435436361	0.0583941605839403	000799.sz.csv
12	7.35556147516723	0.0588235294117635	600253.ss.csv
17	8.78742334052444	0.0629370629370628	600801.ss.csv
13	5.16183681459035	0.063291139240505	002167.sz.csv
12	6.34656873201123	0.0645161290322582	600262.ss.csv
24	6.09314443350494	0.0663265306122444	600549.ss.csv
23	9.09374465133457	0.0694444444444454	600658.ss.csv
19	6.76654377320981	0.0701754385964911	601678.ss.csv
13	7.56858600004912	0.0766208251473479	000024.sz.csv
25	11.07871310858	0.0769230769230775	601005.ss.csv
13	8.75162680070009	0.0857142857142865	000913.sz.csv
13	5.27933863927012	0.086666666666666	600193.ss.csv
17	9.06335874718792	0.0875000000000003	002339.sz.csv
23	8.01460697515161	0.0888888888888889	000561.sz.csv
19	8.68826535071228	0.0952380952380959	600116.ss.csv
13	5.76850831496693	0.0967741935483852	002042.sz.csv
18	10.017716195195	0.0975609756097562	601766.ss.csv
23	10.8565029937889	0.0983606557377057	000002.sz.csv
24	5.68904700301854	0.0999999999999994	000046.sz.csv
17	5.02342381147062	0.0999999999999995	000961.sz.csv
22	14.490353875808	0.102040816326528	002039.sz.csv
23	9.86481736563448	0.102409638554217	600506.ss.csv
20	8.27291762959227	0.102564102564103	000899.sz.csv
23	10.4890794490482	0.103305785123967	000568.sz.csv
18	9.48945651822908	0.103448275862067	002361.sz.csv
20	6.94376494134651	0.103999999999999	000713.sz.csv
18	9.07685331487304	0.104347826086956	000801.sz.csv
18	7.73815990608284	0.104477611940298	600740.ss.csv
25	9.18970603368437	0.105263157894737	600011.ss.csv
14	6.8221526519497	0.10576923076923	000962.sz.csv
20	8.5170904192625	0.107142857142858	600028.ss.csv
22	8.76043444172856	0.111111111111112	600236.ss.csv
13	6.4882649340317	0.113636363636365	600516.ss.csv
18	9.88514181036841	0.11504424778761	600167.ss.csv
28	7.27249221498994	0.1171875	000007.sz.csv
12	6.21976964491925	0.119402985074627	600792.ss.csv
22	11.1533823785478	0.120000000000001	000012.sz.csv
16	5.64952338013654	0.120370370370371	002072.sz.csv
11	6.45009615384616	0.121951219512197	600226.ss.csv
20	8.35879713810561	0.122222222222223	600890.ss.csv
18	7.55960729312763	0.125	600247.ss.csv
20	13.7660659236424	0.125000000000001	601668.ss.csv
13	6.03774997815876	0.126213592233009	601788.ss.csv
15	5.08762617778469	0.128205128205128	002176.sz.csv
27	12.5321752587291	0.129496402877698	000669.sz.csv
23	14.1613884829538	0.131147540983607	000069.sz.csv
23	6.94130265210611	0.131578947368423	600759.ss.csv
21	8.52777346939372	0.132530120481927	600714.ss.csv
22	14.5716112531969	0.133333333333334	000725.sz.csv
12	5.43590947636927	0.137931034482758	600111.ss.csv
20	10.2765061476948	0.137931034482759	000683.sz.csv
21	16.1948520567717	0.137931034482759	600010.ss.csv
22	8.17937311946665	0.137931034482759	600027.ss.csv
21	6.14509474004617	0.14516129032258	601001.ss.csv
23	12.0712853795748	0.145833333333332	000059.sz.csv
11	5.64967027169613	0.146341463414633	600523.ss.csv
21	7.65386765827377	0.152941176470588	000401.sz.csv
22	5.71324420725687	0.153846153846154	600586.ss.csv
27	15.4680581058104	0.153846153846154	601179.ss.csv
28	10.4996396496286	0.153846153846154	601390.ss.csv
21	13.532958211234	0.155555555555556	601299.ss.csv
21	11.3344037625164	0.162162162162163	600131.ss.csv
21	8.9484930535784	0.164383561643834	002128.sz.csv
21	10.5114432001884	0.165048543689321	600971.ss.csv
22	12.7204947344017	0.166666666666666	600854.ss.csv
19	6.8254472685337	0.166666666666667	600502.ss.csv
17	6.28491317572017	0.170149253731343	000999.sz.csv
14	6.22513732960956	0.170454545454546	002244.sz.csv
24	8.89816721888901	0.170731707317074	600865.ss.csv
15	7.33512829612256	0.172413793103448	000672.sz.csv
14	9.33926580324216	0.173076923076923	600874.ss.csv
25	8.45570172885499	0.173913043478261	000541.sz.csv
13	6.84519547472435	0.175675675675674	002352.sz.csv
28	10.0062269240334	0.176470588235294	000595.sz.csv
12	5.7364394230242	0.177419354838709	000795.sz.csv
23	11.8312834337657	0.186440677966102	600249.ss.csv
19	8.71571631534175	0.190082644628099	002324.sz.csv
22	9.47039118062571	0.195121951219512	600256.ss.csv
14	9.09905477146187	0.196428571428572	000966.sz.csv
20	5.29022692765002	0.2	000780.sz.csv
13	5.61628616133692	0.200000000000003	000635.sz.csv
20	6.66617122473247	0.205882352941177	002157.sz.csv
27	9.43716117666438	0.20689655172414	600488.ss.csv
28	11.9958405253034	0.213483146067417	600266.ss.csv
25	6.75839964292859	0.214285714285713	002270.sz.csv
23	8.58114907513274	0.216666666666666	600077.ss.csv
20	8.31936670831833	0.220338983050847	600532.ss.csv
20	7.18747375367447	0.222222222222223	600426.ss.csv
25	11.2440721311545	0.222222222222223	000813.sz.csv
20	6.77550287356321	0.223300970873787	000630.sz.csv
17	6.74948679348569	0.225806451612903	000976.sz.csv
15	10.9564194488013	0.226415094339623	002160.sz.csv
22	9.85208549269096	0.230769230769231	002135.sz.csv
25	7.46515397082655	0.233333333333331	601939.ss.csv
13	8.45064785867641	0.235849056603773	000869.sz.csv
22	6.59894851056844	0.238095238095239	600071.ss.csv
25	5.68412204234123	0.238993710691824	600999.ss.csv
23	10.2560002729511	0.242424242424243	600966.ss.csv
20	5.13408811850973	0.248484848484849	601699.ss.csv
12	7.94621421305042	0.25	002248.sz.csv
16	5.36160597082097	0.25	600839.ss.csv
21	5.38896589963958	0.25	601666.ss.csv
27	9.38652419176198	0.254545454545456	002046.sz.csv
23	10.8653492923315	0.259259259259259	600050.ss.csv
11	5.58624377134538	0.261904761904762	002080.sz.csv
17	6.78802970619969	0.263157894736845	600529.ss.csv
22	10.8742905290371	0.266666666666665	002297.sz.csv
21	7.48670180971522	0.271186440677966	000878.sz.csv
12	5.54169924420119	0.272727272727272	600688.ss.csv
19	12.0882891307375	0.272727272727273	002036.sz.csv
14	7.00343733474352	0.282608695652174	600699.ss.csv
20	11.0304036791007	0.291666666666668	000016.sz.csv
21	10.7000838674894	0.291666666666668	002276.sz.csv
23	7.84875986120406	0.294117647058823	002101.sz.csv
20	7.52624979100485	0.295698924731182	002028.sz.csv
24	11.8688358081599	0.298136645962733	600967.ss.csv
20	12.8239878483707	0.298245614035088	600802.ss.csv
18	7.502613894112	0.299559471365639	000413.sz.csv
25	15.8656142891098	0.300653594771241	000776.sz.csv
18	5.33093202324153	0.305084745762711	600584.ss.csv
20	5.63135602555821	0.305263157894736	000552.sz.csv
29	17.4414897703121	0.308411214953271	000922.sz.csv
28	17.9826376596467	0.309090909090909	002163.sz.csv
13	5.55338415364776	0.314285714285716	002165.sz.csv
27	13.9417147770544	0.319444444444445	600583.ss.csv
20	5.11758648765146	0.338129496402877	002258.sz.csv
15	7.23521142861227	0.34	600856.ss.csv
20	8.69186334138463	0.344262295081967	600475.ss.csv
24	9.45151231470426	0.353333333333333	000651.sz.csv
15	9.2096621952769	0.354166666666667	600261.ss.csv
14	8.06544828122168	0.357142857142859	000594.sz.csv
18	5.99404955983045	0.358974358974358	002054.sz.csv
14	5.84034744634667	0.363207547169812	600292.ss.csv
22	5.92840033534273	0.366666666666666	002112.sz.csv
12	5.22910578609	0.366666666666668	600715.ss.csv
27	6.68540527816285	0.371428571428572	000627.sz.csv
12	6.87541984732825	0.375	600609.ss.csv
22	14.935209020807	0.375	002110.sz.csv
17	8.81283256399496	0.377777777777778	600578.ss.csv
29	14.5592995946939	0.378787878787879	600208.ss.csv
29	6.24707675484971	0.388888888888889	000816.sz.csv
21	9.86539234318208	0.395061728395062	600188.ss.csv
12	5.21410301499506	0.395833333333335	600973.ss.csv
24	6.22793517364682	0.3984375	600104.ss.csv
21	5.57467612978402	0.407766990291262	002347.sz.csv
18	11.7811499672817	0.410256410256411	002332.sz.csv
23	6.67649892789395	0.424242424242425	000551.sz.csv
13	7.46329526916805	0.428571428571429	000682.sz.csv
18	8.52237478803923	0.431818181818182	000068.sz.csv
19	14.8710626033581	0.435975609756098	000793.sz.csv
11	7.65081359360156	0.450381679389313	002064.sz.csv
27	11.5449888210631	0.456140350877194	601186.ss.csv
11	5.04218639975857	0.464285714285713	000584.sz.csv
20	9.82062196806631	0.479289940828403	000960.sz.csv
27	6.5214070825329	0.488636363636363	600790.ss.csv
12	7.32493463527544	0.499999999999998	600288.ss.csv
23	7.24529295337714	0.504504504504504	000998.sz.csv
18	7.68923787717442	0.510489510489511	002181.sz.csv
26	15.1686361146527	0.52212389380531	600162.ss.csv
24	11.198942594796	0.525	600580.ss.csv
29	7.74337110150684	0.526881720430107	600979.ss.csv
17	7.55251196325592	0.530864197530865	000657.sz.csv
20	8.7230807272136	0.536363636363636	600593.ss.csv
12	6.25800955574029	0.538461538461538	000811.sz.csv
29	9.24974941835793	0.541176470588236	600277.ss.csv
21	5.6364654064966	0.551136363636363	000852.sz.csv
27	8.16726243283019	0.555555555555555	600812.ss.csv
25	9.68203406485424	0.555555555555556	600008.ss.csv
25	5.15090744101633	0.573770491803279	000411.sz.csv
25	19.363805191724	0.578199052132701	000819.sz.csv
22	7.8447131366535	0.588235294117647	002197.sz.csv
29	19.2061924927438	0.606060606060606	600189.ss.csv
20	15.065075109681	0.618055555555556	600728.ss.csv
20	12.9178210259144	0.624999999999999	000612.sz.csv
22	7.82150440194995	0.624999999999999	600172.ss.csv
25	6.66554825366225	0.633663366336634	000009.sz.csv
23	11.3947881350992	0.635514018691588	002138.sz.csv
13	6.82496853156217	0.641025641025642	000988.sz.csv
20	9.99892199797092	0.642384105960265	600490.ss.csv
22	8.77596593269629	0.642857142857142	000677.sz.csv
26	11.1733552647658	0.644444444444444	600758.ss.csv
20	6.70861028450649	0.645161290322579	600076.ss.csv
21	6.29168478814069	0.647058823529412	600780.ss.csv
24	8.03206248392219	0.657142857142858	002267.sz.csv
28	11.6380905122992	0.659090909090908	601007.ss.csv
17	5.48577752200874	0.661290322580646	601877.ss.csv
22	5.3809174178294	0.663461538461537	600980.ss.csv
25	5.91606486244232	0.670454545454545	002061.sz.csv
18	5.75096843045949	0.677966101694915	000010.sz.csv
23	7.60186659504671	0.684210526315789	600301.ss.csv
20	10.4347836853872	0.686695278969957	002369.sz.csv
19	11.2522549341655	0.692307692307694	600707.ss.csv
23	8.69600990441004	0.7	002002.sz.csv
21	5.32291599510026	0.703125000000001	600634.ss.csv
20	8.64757443650868	0.70408163265306	600983.ss.csv
23	13.5984915796688	0.707364341085271	600694.ss.csv
11	5.3855633802817	0.71830985915493	002213.sz.csv
24	8.70476541597894	0.722689075630252	000061.sz.csv
28	9.30627116009449	0.732824427480916	002278.sz.csv
16	8.07152205544974	0.735112936344969	002095.sz.csv
12	7.01461644104375	0.735294117647059	600873.ss.csv
24	15.5137776418443	0.737541528239202	000156.sz.csv
21	5.36683671225647	0.740740740740741	600590.ss.csv
29	6.28839072684057	0.741935483870967	000760.sz.csv
23	8.23107689106457	0.74390243902439	000957.sz.csv
18	7.03976821008472	0.744075829383886	600079.ss.csv
22	8.80195162310801	0.758620689655171	000404.sz.csv
28	12.601404965637	0.779220779220779	600461.ss.csv
29	6.4873463528477	0.79746835443038	600691.ss.csv
28	10.2286586543357	0.797619047619048	600110.ss.csv
16	5.28989645529767	0.81025641025641	600703.ss.csv
29	13.4162195295846	0.810975609756097	000731.sz.csv
22	6.49671321840599	0.818181818181818	000778.sz.csv
24	11.9300173018135	0.827586206896551	000544.sz.csv
28	14.1821584852801	0.830769230769231	000550.sz.csv
17	5.68490145937128	0.834951456310681	002287.sz.csv
22	6.82494337271142	0.836065573770491	002173.sz.csv
16	9.57171823708873	0.837209302325581	600847.ss.csv
16	6.09858871974305	0.839328537170263	002236.sz.csv
12	5.11658094915462	0.842105263157896	600601.ss.csv
11	6.74243951612903	0.843137254901961	600602.ss.csv
16	5.54542920029345	0.843137254901964	600644.ss.csv
18	10.4492592002549	0.846153846153845	000766.sz.csv
20	9.66359026223331	0.847058823529413	000989.sz.csv
14	7.87485306635321	0.848484848484848	002229.sz.csv
12	6.51447512468071	0.852941176470589	000153.sz.csv
23	6.20508713039356	0.855263157894737	002186.sz.csv
19	9.34989591272072	0.857142857142857	002020.sz.csv
17	5.84487695892758	0.865671641791045	600892.ss.csv
22	9.7036937179833	0.871559633027524	600513.ss.csv
29	14.0815151998453	0.876404494382022	000862.sz.csv
12	9.12777006267995	0.9	600776.ss.csv
23	6.00458407028193	0.900966183574879	600804.ss.csv
24	10.8803152827709	0.913580246913581	000504.sz.csv
25	5.01216808104672	0.918918918918918	002120.sz.csv
22	7.72136547752671	0.92	002076.sz.csv
19	7.17029566131283	0.924812030075188	002334.sz.csv
20	8.52800740589377	0.92537313432836	600576.ss.csv
12	6.80006106942161	0.930555555555557	000519.sz.csv
12	5.45617731899218	0.933333333333333	002218.sz.csv
28	8.8660854753791	0.935555555555555	600835.ss.csv
12	5.2352493968042	0.937500000000001	600455.ss.csv
19	6.93797253469838	0.944444444444443	600730.ss.csv
16	5.39350874422592	0.953488372093024	002221.sz.csv
14	9.38641437517016	0.961538461538462	600745.ss.csv
11	5.43283226771867	1	000833.sz.csv
12	5.19297010534785	1	600511.ss.csv
12	5.49686056581986	1	002025.sz.csv
12	7.13493502568754	1	000602.sz.csv
12	7.28886445809302	1	002139.sz.csv
12	7.32240682532554	1	000733.sz.csv
13	7.37752268294752	1	000566.sz.csv
14	5.19101349796763	1	600056.ss.csv
15	5.77020423505825	1	600982.ss.csv
16	5.28896319899156	1	600263.ss.csv
16	9.17460871046115	1	600767.ss.csv
19	5.40140500559893	1	002134.sz.csv
20	12.1400976715793	1	000058.sz.csv
20	5.23238676680154	1	600734.ss.csv
20	6.00905598856556	1	600829.ss.csv
20	6.16276147246982	1	600757.ss.csv
20	7.93689929691084	1	600206.ss.csv
20	8.36107600820196	1	002238.sz.csv
20	9.03508386794605	1	000788.sz.csv
21	7.23488841436594	1	600271.ss.csv
21	8.1078441725907	1	002152.sz.csv
21	9.1524357291747	1	002295.sz.csv
21	9.50737283889297	1	000997.sz.csv
22	11.6698290177271	1	000062.sz.csv
22	5.06410077528287	1	002309.sz.csv
22	5.89915714190888	1	600175.ss.csv
22	7.24839177579791	1	600195.ss.csv
22	8.28841462942026	1	002014.sz.csv
22	9.42231167536606	1	600831.ss.csv
22	9.45268102658112	1	000591.sz.csv
23	15.5265091244071	1	002316.sz.csv
23	7.21989688684501	1	601002.ss.csv
23	8.9781039542137	1	000513.sz.csv
24	5.10101520186961	1	600306.ss.csv
25	16.1400926177311	1	000415.sz.csv
25	5.04760957616086	1	600572.ss.csv
27	5.55402498475734	1	600228.ss.csv
28	7.96574360122029	1	600114.ss.csv
29	5.73821291196875	1	002250.sz.csv
29	9.20643539100648	1	600283.ss.csv
